  w     |  Iteration  | Time[sec] |
-----------------------------------
0.100	|	9813	  |	0.324509  |
0.200	|	5141	  |	0.162846  |
0.300	|	3430	  |	0.109080  |
0.400	|	2524	  |	0.084496  |
0.500	|	1958	  |	0.065152  |
0.600	|	1567	  |	0.049495  |
0.700	|	1279	  |	0.040388  |
0.800	|	1058	  |	0.033431  |
0.900	|	 881	  |	0.027831  |
1.000	|	 737	  |	0.023363  |
1.100	|	 616	  |	0.019446  |
1.200	|	 512	  |	0.016183  |
1.300	|	 423	  |	0.013412  |
1.400	|	 344	  |	0.010887  |
1.500	|	 274	  |	0.008743  |
1.600	|	 210	  |	0.006782  |
1.700	|	 151	  |	0.004845  |
1.800	|	  92	  |	0.002918  |
1.900	|	  99	  |	0.003140  |
2.000	|	39686	  |	1.280922  |

Table 1- Different values of relaxation parameter (w) for Point SOR

