0.000000000	0.000000000	0.000000000	0.000000000	0.000000000	0.000000000	100.000000000	100.000000000	100.000000000	100.000000000	100.000000000	100.000000000	100.000000000	100.000000000	100.000000000	100.000000000	100.000000000	100.000000000	100.000000000	100.000000000	100.000000000	100.000000000	100.000000000	100.000000000	100.000000000	100.000000000	100.000000000	100.000000000	100.000000000	100.000000000	100.000000000	
0.000000000	1.982938261	4.395482638	7.955203827	14.323739387	28.178224169	64.655301465	78.416121364	84.587451241	87.824068541	89.746218418	90.996707457	91.864798152	92.496000383	92.970635774	93.336498785	93.623790622	93.852537932	94.036547052	94.185640222	94.306984726	94.405916750	94.486470460	94.551728029	94.604056949	94.645274012	94.676760066	94.699540641	94.714342085	94.721629355	94.721629355	
0.000000000	3.536271978	7.643791189	13.101597139	21.161534515	33.733861871	52.026867422	64.421740867	72.109624162	76.962614562	80.164108644	82.375825106	83.966497455	85.148581088	86.050058160	86.751583686	87.306141375	87.749830274	88.108026846	88.399046424	88.636399718	88.830230027	88.988255650	89.116403623	89.219244946	89.300298454	89.362245209	89.407080140	89.436218148	89.450565820	89.450565820	
0.000000000	4.518361152	9.541817570	15.645865434	23.486947872	33.568831341	45.296577162	55.134363854	62.466704916	67.752673386	71.571794463	74.376006264	76.476806227	78.081790400	79.329455358	80.313660840	81.099386408	81.732641433	82.246711048	82.666147168	83.009366720	83.290377700	83.519948811	83.706416710	83.856252049	83.974461303	84.064874114	84.130348707	84.172916817	84.193882271	84.193882271	
0.000000000	4.995358788	10.359258776	16.453107924	23.571571405	31.757952051	40.456261938	48.352450625	54.870178592	60.009602026	63.994413996	67.079625630	69.482958996	71.372348885	72.872343639	74.074251072	75.045136604	75.834673972	76.480065968	77.009502844	77.444581695	77.802005572	78.094786331	78.333104216	78.524927698	78.676463545	78.792484573	78.876567364	78.931261915	78.958208012	78.958208012	
0.000000000	5.103819886	10.446758624	16.235746962	22.588291667	29.435160354	36.418087604	42.949020581	48.651981949	53.421169865	57.316664084	60.465155864	63.003090112	65.052339530	66.713358306	68.065904189	69.172277740	70.080896329	70.829421991	71.447263939	71.957500313	72.378326377	72.724137550	73.006337824	73.233943420	73.414033650	73.552086782	73.652228111	73.717409518	73.749533973	73.749533973	
0.000000000	4.973167598	10.088217992	15.454842334	21.110704149	26.976329714	32.831930486	38.373588316	43.367588043	47.706463694	51.385951793	54.461281578	57.011946643	59.120603911	60.862891327	62.303777329	63.497223614	64.487263327	65.309515233	65.992685747	66.559885868	67.029720024	67.417158793	67.734226249	67.990535508	68.193702553	68.349663040	68.462911412	68.536676940	68.573047338	68.573047338	
0.000000000	4.700638642	9.478113606	14.384714416	19.423370965	24.527545754	29.559741898	34.345843333	38.738350864	42.651181074	46.059437031	48.982114310	51.462856204	53.555286165	55.313876423	56.789143326	58.025631523	59.061475753	59.928749477	60.654139383	61.259700469	61.763573618	62.180617216	62.522939866	62.800337757	63.020646742	63.190020745	63.313147321	63.393409515	63.433001214	63.433001214	
0.000000000	4.351279993	8.738894381	13.182546057	17.670539037	22.150764028	26.533675591	30.711723689	34.588826177	38.100511482	41.218543183	43.944927974	46.302126405	48.323859833	50.048239422	51.513345245	52.754743111	53.804320720	54.689931714	55.435487972	56.061270918	56.584326263	57.018867486	57.376650358	57.667302052	57.898599890	58.076700504	58.206322701	58.290887954	58.332622249	58.332622249	
0.000000000	3.965593914	7.943649405	11.936052416	15.925495510	19.871320420	23.712501604	27.378582544	30.804755470	33.943536055	36.769340421	39.276975637	41.476912555	43.389841420	45.041933233	46.461314956	47.675737401	48.711197170	49.591235791	50.336679025	50.965639975	51.493665697	51.933950239	52.297567426	52.593696675	52.829827606	53.011936704	53.144633529	53.231276145	53.274056468	53.274056468	
0.000000000	3.567453377	7.134068687	10.692535041	14.224090981	17.696545707	21.066457270	24.285382933	27.308114602	30.099578177	32.638351823	34.916770138	36.938758656	38.716715152	40.268395245	41.614304895	42.775757974	43.773560841	44.627203608	45.354422796	45.971016584	46.490820325	46.925775847	47.286049223	47.580167499	47.815155924	47.996664636	48.129078515	48.215606872	48.258351350	48.258351350	
0.000000000	3.170158011	6.332648654	9.475944343	12.581808369	15.624339187	18.571428074	21.388410636	24.042779098	26.508351304	28.767763286	30.813042670	32.644688351	34.269920030	35.700685440	36.951811966	38.039491956	38.980150260	39.789662913	40.482861944	41.073255087	41.572896698	41.992358608	42.340762405	42.625845538	42.854042203	43.030566331	43.159488437	43.243801185	43.285470511	43.285470511	
0.000000000	2.780536922	5.550434966	8.296801092	11.002879048	13.647598872	16.206533555	18.654084747	20.966275982	23.123324472	25.111350710	26.922995655	28.557082033	30.017644235	31.312670477	32.452824262	33.450308865	34.317948944	35.068501644	35.714174785	36.266314746	36.735224017	37.130072156	37.458870167	37.728485007	37.944676834	38.112146521	38.234584663	38.314716142	38.354336312	38.354336312	
0.000000000	2.401561263	4.791763974	7.157960939	9.485326841	11.756666635	13.953049311	16.055149330	18.044949735	19.907357496	21.631360372	23.210551353	24.643047085	25.930954490	27.079580804	28.096561145	28.991028114	29.772895061	30.452282053	31.039084814	31.542670810	31.971679717	32.333904430	32.636230868	32.884618238	33.084105160	33.238830435	33.352060170	33.426215289	33.462895251	33.462895251	
0.000000000	2.033950191	4.057108639	6.057965563	8.023818169	9.940712570	11.793872305	13.568541528	15.251047441	16.829829898	18.296219487	19.644842790	20.873643749	21.983591778	22.978185551	23.862862211	24.644400401	25.330376200	25.928703651	26.447270296	26.893664219	27.274981268	27.597697873	27.867594598	28.089716785	28.268360735	28.407076057	28.508676868	28.575256405	28.608201041	28.608201041	
0.000000000	1.677136241	3.344763641	4.992986683	6.611283175	8.188511853	9.713207613	11.174121871	12.560896365	13.864725755	15.078878185	16.198992465	17.223131710	18.151624042	18.986750350	19.732346779	20.393382060	20.975554487	21.484936528	21.927680503	22.309787896	22.636937893	22.914366921	23.146789538	23.338351036	23.492603059	23.612494810	23.700373821	23.757991609	23.786510724	23.786510724	
0.000000000	1.329835734	2.651830511	3.957944722	5.239829153	6.488859936	7.696342955	8.853863077	9.953713975	10.989324548	11.955603308	12.849147655	13.668299159	14.413056900	15.084881483	15.686430717	16.221266453	16.693564579	17.107850310	17.468771426	17.780914279	18.048661847	18.276089669	18.466893686	18.624343526	18.751254970	18.849976043	18.922382034	18.969875704	18.993389794	18.993389794	
0.000000000	0.990379904	1.974783994	2.947140868	3.901239337	4.830768517	5.729456042	6.591290406	7.410790792	8.183275951	8.905085475	9.573720077	10.187886437	10.747450572	11.253317124	11.707258725	12.111720354	12.469620189	12.784162962	13.058675905	13.296472174	13.500742615	13.674474027	13.820390454	13.940913392	14.038136671	14.113812113	14.169342565	14.205779515	14.223823130	14.223823130	
0.000000000	0.656902647	1.309789145	1.954601527	2.587226540	3.203528064	3.799433141	4.371064054	4.914896621	5.427918162	5.907759071	6.352778526	6.762094942	7.135561984	7.473698966	7.777588984	8.048759284	8.289056987	8.500530394	8.685322760	8.845582276	8.983389401	9.100700893	9.199308697	9.280811291	9.346594899	9.397822109	9.435425703	9.460105865	9.472329315	9.472329315	
0.000000000	0.327443282	0.652871179	0.974253329	1.289541985	1.596689769	1.893691044	2.178643591	2.449821890	2.705750261	2.945264181	3.167550847	3.372164390	3.559015723	3.728340699	3.880652505	4.016684936	4.137332745	4.243594022	4.336518075	4.417160788	4.486548205	4.545648152	4.595349132	4.636445392	4.669626929	4.695473268	4.714449922	4.726906633	4.733076673	4.733076673	
0.000000000	0.000000000	0.000000000	0.000000000	0.000000000	0.000000000	0.000000000	0.000000000	0.000000000	0.000000000	0.000000000	0.000000000	0.000000000	0.000000000	0.000000000	0.000000000	0.000000000	0.000000000	0.000000000	0.000000000	0.000000000	0.000000000	0.000000000	0.000000000	0.000000000	0.000000000	0.000000000	0.000000000	0.000000000	0.000000000	0.000000000	
