0.00000	0.00000	0.00000	0.00000	0.00000	0.00000	100.00000	100.00000	100.00000	100.00000	100.00000	100.00000	100.00000	100.00000	100.00000	100.00000	100.00000	100.00000	100.00000	100.00000	100.00000	100.00000	100.00000	100.00000	100.00000	100.00000	100.00000	100.00000	100.00000	100.00000	100.00000	
0.00000	1.98294	4.39548	7.95520	14.32374	28.17822	64.65530	78.41612	84.58745	87.82407	89.74622	90.99671	91.86480	92.49600	92.97064	93.33650	93.62379	93.85254	94.03655	94.18564	94.30698	94.40592	94.48647	94.55173	94.60406	94.64527	94.67676	94.69954	94.71434	94.72163	94.72163	
0.00000	3.53627	7.64379	13.10160	21.16153	33.73386	52.02687	64.42174	72.10962	76.96261	80.16411	82.37583	83.96650	85.14858	86.05006	86.75158	87.30614	87.74983	88.10803	88.39905	88.63640	88.83023	88.98826	89.11640	89.21924	89.30030	89.36225	89.40708	89.43622	89.45057	89.45057	
0.00000	4.51836	9.54182	15.64587	23.48695	33.56883	45.29658	55.13436	62.46670	67.75267	71.57179	74.37601	76.47681	78.08179	79.32946	80.31366	81.09939	81.73264	82.24671	82.66615	83.00937	83.29038	83.51995	83.70642	83.85625	83.97446	84.06487	84.13035	84.17292	84.19388	84.19388	
0.00000	4.99536	10.35926	16.45311	23.57157	31.75795	40.45626	48.35245	54.87018	60.00960	63.99441	67.07963	69.48296	71.37235	72.87234	74.07425	75.04514	75.83467	76.48007	77.00950	77.44458	77.80201	78.09479	78.33310	78.52493	78.67646	78.79248	78.87657	78.93126	78.95821	78.95821	
0.00000	5.10382	10.44676	16.23575	22.58829	29.43516	36.41809	42.94902	48.65198	53.42117	57.31666	60.46516	63.00309	65.05234	66.71336	68.06590	69.17228	70.08090	70.82942	71.44726	71.95750	72.37833	72.72414	73.00634	73.23394	73.41403	73.55209	73.65223	73.71741	73.74953	73.74953	
0.00000	4.97317	10.08822	15.45484	21.11070	26.97633	32.83193	38.37359	43.36759	47.70646	51.38595	54.46128	57.01195	59.12060	60.86289	62.30378	63.49722	64.48726	65.30952	65.99269	66.55989	67.02972	67.41716	67.73423	67.99054	68.19370	68.34966	68.46291	68.53668	68.57305	68.57305	
0.00000	4.70064	9.47811	14.38471	19.42337	24.52755	29.55974	34.34584	38.73835	42.65118	46.05944	48.98211	51.46286	53.55529	55.31388	56.78914	58.02563	59.06148	59.92875	60.65414	61.25970	61.76357	62.18062	62.52294	62.80034	63.02065	63.19002	63.31315	63.39341	63.43300	63.43300	
0.00000	4.35128	8.73889	13.18255	17.67054	22.15076	26.53368	30.71172	34.58883	38.10051	41.21854	43.94493	46.30213	48.32386	50.04824	51.51335	52.75474	53.80432	54.68993	55.43549	56.06127	56.58433	57.01887	57.37665	57.66730	57.89860	58.07670	58.20632	58.29089	58.33262	58.33262	
0.00000	3.96559	7.94365	11.93605	15.92550	19.87132	23.71250	27.37858	30.80476	33.94354	36.76934	39.27698	41.47691	43.38984	45.04193	46.46131	47.67574	48.71120	49.59124	50.33668	50.96564	51.49367	51.93395	52.29757	52.59370	52.82983	53.01194	53.14463	53.23128	53.27406	53.27406	
0.00000	3.56745	7.13407	10.69254	14.22409	17.69655	21.06646	24.28538	27.30811	30.09958	32.63835	34.91677	36.93876	38.71672	40.26840	41.61430	42.77576	43.77356	44.62720	45.35442	45.97102	46.49082	46.92578	47.28605	47.58017	47.81516	47.99666	48.12908	48.21561	48.25835	48.25835	
0.00000	3.17016	6.33265	9.47594	12.58181	15.62434	18.57143	21.38841	24.04278	26.50835	28.76776	30.81304	32.64469	34.26992	35.70069	36.95181	38.03949	38.98015	39.78966	40.48286	41.07326	41.57290	41.99236	42.34076	42.62585	42.85404	43.03057	43.15949	43.24380	43.28547	43.28547	
0.00000	2.78054	5.55043	8.29680	11.00288	13.64760	16.20653	18.65408	20.96628	23.12332	25.11135	26.92300	28.55708	30.01764	31.31267	32.45282	33.45031	34.31795	35.06850	35.71417	36.26631	36.73522	37.13007	37.45887	37.72849	37.94468	38.11215	38.23458	38.31472	38.35434	38.35434	
0.00000	2.40156	4.79176	7.15796	9.48533	11.75667	13.95305	16.05515	18.04495	19.90736	21.63136	23.21055	24.64305	25.93095	27.07958	28.09656	28.99103	29.77290	30.45228	31.03908	31.54267	31.97168	32.33390	32.63623	32.88462	33.08411	33.23883	33.35206	33.42622	33.46290	33.46290	
0.00000	2.03395	4.05711	6.05797	8.02382	9.94071	11.79387	13.56854	15.25105	16.82983	18.29622	19.64484	20.87364	21.98359	22.97819	23.86286	24.64440	25.33038	25.92870	26.44727	26.89366	27.27498	27.59770	27.86759	28.08972	28.26836	28.40708	28.50868	28.57526	28.60820	28.60820	
0.00000	1.67714	3.34476	4.99299	6.61128	8.18851	9.71321	11.17412	12.56090	13.86473	15.07888	16.19899	17.22313	18.15162	18.98675	19.73235	20.39338	20.97555	21.48494	21.92768	22.30979	22.63694	22.91437	23.14679	23.33835	23.49260	23.61249	23.70037	23.75799	23.78651	23.78651	
0.00000	1.32984	2.65183	3.95794	5.23983	6.48886	7.69634	8.85386	9.95371	10.98932	11.95560	12.84915	13.66830	14.41306	15.08488	15.68643	16.22127	16.69356	17.10785	17.46877	17.78091	18.04866	18.27609	18.46689	18.62434	18.75125	18.84998	18.92238	18.96988	18.99339	18.99339	
0.00000	0.99038	1.97478	2.94714	3.90124	4.83077	5.72946	6.59129	7.41079	8.18328	8.90509	9.57372	10.18789	10.74745	11.25332	11.70726	12.11172	12.46962	12.78416	13.05868	13.29647	13.50074	13.67447	13.82039	13.94091	14.03814	14.11381	14.16934	14.20578	14.22382	14.22382	
0.00000	0.65690	1.30979	1.95460	2.58723	3.20353	3.79943	4.37106	4.91490	5.42792	5.90776	6.35278	6.76209	7.13556	7.47370	7.77759	8.04876	8.28906	8.50053	8.68532	8.84558	8.98339	9.10070	9.19931	9.28081	9.34659	9.39782	9.43543	9.46011	9.47233	9.47233	
0.00000	0.32744	0.65287	0.97425	1.28954	1.59669	1.89369	2.17864	2.44982	2.70575	2.94526	3.16755	3.37216	3.55902	3.72834	3.88065	4.01668	4.13733	4.24359	4.33652	4.41716	4.48655	4.54565	4.59535	4.63645	4.66963	4.69547	4.71445	4.72691	4.73308	4.73308	
0.00000	0.00000	0.00000	0.00000	0.00000	0.00000	0.00000	0.00000	0.00000	0.00000	0.00000	0.00000	0.00000	0.00000	0.00000	0.00000	0.00000	0.00000	0.00000	0.00000	0.00000	0.00000	0.00000	0.00000	0.00000	0.00000	0.00000	0.00000	0.00000	0.00000	0.00000	
