0.000000000	0.000000000	0.000000000	0.000000000	0.000000000	0.000000000	100.000000000	100.000000000	100.000000000	100.000000000	100.000000000	100.000000000	100.000000000	100.000000000	100.000000000	100.000000000	100.000000000	100.000000000	100.000000000	100.000000000	100.000000000	100.000000000	100.000000000	100.000000000	100.000000000	100.000000000	100.000000000	100.000000000	100.000000000	100.000000000	100.000000000	
0.000000000	1.982955315	4.395516294	7.955253578	14.323804678	28.178304397	64.655395977	78.416229467	84.587572200	87.824201581	89.746362729	90.996862196	91.864962446	92.496173329	92.970816445	93.336686232	93.623983877	93.852736010	94.036748956	94.185844943	94.307191248	94.406124054	94.486677523	94.551933830	94.604260470	94.645474244	94.676956008	94.699731305	94.714526498	94.721806562	94.721806562	
0.000000000	3.536305583	7.643857510	13.101695184	21.161663192	33.734019995	52.027053716	64.421953968	72.109862626	76.962876870	80.164393205	82.376130264	83.966821494	85.148922238	86.050414599	86.751953552	87.306522766	87.750221257	88.108425461	88.399450690	88.636807641	88.830639602	88.988664870	89.116810481	89.219647445	89.300694609	89.362633054	89.407457735	89.436583579	89.450917210	89.450917210	
0.000000000	4.518410397	9.541914763	15.646009127	23.487136472	33.569063117	45.296850250	55.134676264	62.467054540	67.753058005	71.572211755	74.376453812	76.477281523	78.082290859	79.329978321	80.314203587	81.099946161	81.733215367	82.247296303	82.666740849	83.009965913	83.290979478	83.520550239	83.707014860	83.856844001	83.975044157	84.065445000	84.130904785	84.173455294	84.194400402	84.194400402	
0.000000000	4.995422382	10.359384295	16.453293506	23.571815001	31.758251434	40.456614708	48.352854224	54.870630308	60.010099003	63.994953246	67.080204041	69.483573343	71.372995840	72.873019781	74.074952898	75.045860539	75.835416382	76.480823168	77.010271111	77.445357276	77.802784698	78.095565227	78.333879108	78.525694829	78.677219181	78.793225016	78.877288960	78.931961064	78.958881180	78.958881180	
0.000000000	5.103896188	10.446909236	16.235969658	22.588583997	29.435519655	36.418511010	42.949505032	48.652524201	53.421766506	57.317311541	60.465850416	63.003827902	65.053116579	66.714170522	68.066747384	69.173147639	70.081788585	70.830332197	71.448187641	71.958433024	72.379263587	72.725074743	73.007270487	73.234867057	73.414943795	73.552979009	73.653098047	73.718252858	73.750346486	73.750346486	
0.000000000	4.973254665	10.088389861	15.455096475	21.111037778	26.976739802	32.832413775	38.374141327	43.368207089	47.707144895	51.386691084	54.462074730	57.012789268	59.121491483	60.863819195	62.304740728	63.498217682	64.488283120	65.310555738	65.993741898	66.560952559	67.030792126	67.418231168	67.735293762	67.991593043	68.194745029	68.350685421	68.463908723	68.537644280	68.573979892	68.573979892	
0.000000000	4.700734273	9.478302391	14.384993586	19.423737474	24.527996288	29.560272891	34.346450977	38.739031124	42.651929702	46.060249579	48.982986146	51.463782527	53.556262021	55.314896719	56.790202844	58.026724942	59.062597659	59.929894380	60.655301736	61.260874683	61.764754075	62.181798288	62.524115931	62.801503212	63.021796021	63.191148332	63.314247766	63.394477450	63.434031363	63.434031363	
0.000000000	4.351381790	8.739095346	13.182843256	17.670929239	22.151243719	26.534240987	30.712370751	34.589550627	38.101308811	41.219408673	43.945856712	46.303113298	48.324899623	50.049326705	51.514474487	52.755908664	53.805516838	54.691152573	55.436727685	56.062523553	56.585585858	57.020128068	57.377905959	57.668546726	57.899827728	58.077905650	58.207499370	58.292030445	58.333724962	58.333724962	
0.000000000	3.965699337	7.943857541	11.936360236	15.925899680	19.871817314	23.713087318	27.379252910	30.805506071	33.944362239	36.770237318	39.277938175	41.477935476	43.390919298	45.043060489	46.462485877	47.676946156	48.712437827	49.592502338	50.337965382	50.966940018	51.494973269	51.935259172	52.298871557	52.594989864	52.831103749	53.013189754	53.145857510	53.232465170	53.275204750	53.275204750	
0.000000000	3.567559814	7.134278833	10.692845850	14.224499100	17.697047488	21.067048785	24.286059989	27.308872754	30.100412744	32.639257905	34.917742632	36.939792270	38.717804426	40.269534563	41.615488508	42.776980013	43.774815336	44.628484506	45.355723978	45.972331884	46.492143547	46.927100782	47.287369665	47.581477265	47.816448870	47.997934672	48.130319624	48.216813125	48.259516920	48.259516920	
0.000000000	3.170262836	6.332855629	9.476250478	12.582210374	15.624833482	18.572010804	21.389077685	24.043526103	26.509173671	28.768656206	30.814001131	32.645707159	34.270993825	35.701808708	36.952979062	38.040697118	38.981387626	39.790926540	40.484145824	41.074553166	41.574202889	41.993666813	42.342066531	42.627139511	42.855319988	43.031821947	43.160715973	43.244994815	43.286624512	43.286624512	
0.000000000	2.780637567	5.550633696	8.297095049	11.003265082	13.648073558	16.207093205	18.654725423	20.966993509	23.124114454	25.112208543	26.923916544	28.558061006	30.018676162	31.313750082	32.453946140	33.451467502	34.319138728	35.069716885	35.715409732	36.267563602	36.736480956	37.131331339	37.460125761	37.729731195	37.945907838	38.113356613	38.235768182	38.315867509	38.355450045	38.355450045	
0.000000000	2.401655276	4.791949618	7.158235553	9.485687494	11.757110139	13.953572232	16.055748002	18.045620271	19.908095802	21.632162162	23.211412163	24.643962285	25.931919302	27.080590314	28.097610323	28.992111821	29.774008072	30.453419069	31.040240477	31.543839722	31.972856450	32.335083546	32.637406931	32.885785832	33.085258899	33.239964983	33.353170254	33.427295709	33.463940898	33.463940898	
0.000000000	2.034035299	4.057276707	6.058214190	8.024144711	9.941114151	11.794345826	13.569083683	15.251654721	16.830498610	18.296945762	19.645622600	20.874472916	21.984465990	22.979100373	23.863813102	24.645382723	25.331385238	25.929734620	26.448318361	26.894724506	27.276048877	27.598767895	27.868662125	28.090776926	28.269408630	28.408106885	28.509685868	28.576238880	28.609152379	28.609152379	
0.000000000	1.677210404	3.344910102	4.993203357	6.611567766	8.188861864	9.713620353	11.174594466	12.561425769	13.865308760	15.079511431	16.199672453	17.223854809	18.152386506	18.987548328	19.733176322	20.394239142	20.976435010	21.485836335	21.928595391	22.310713630	22.637870216	22.915301567	23.147722241	23.339277545	23.493519149	23.613396292	23.701256555	23.758851515	23.787343789	23.787343789	
0.000000000	1.329897195	2.651951892	3.958124301	5.240065035	6.489150058	7.696685093	8.854254859	9.954152884	10.989807934	11.956128394	12.849711551	13.668898866	14.413689323	15.085543438	15.687118944	16.221977624	16.694295306	17.108597159	17.469530925	17.781682926	18.049436125	18.276866051	18.467668647	18.625113551	18.752016568	18.850725751	18.923116430	18.970591413	18.994083499	18.994083499	
0.000000000	0.990427228	1.974877461	2.947279156	3.901420991	4.830991954	5.729719556	6.591592176	7.411128887	8.183648335	8.905490018	9.574154559	10.188348557	10.747937953	11.253827323	11.707789238	12.112268625	12.470183618	12.784738912	13.059261710	13.297065145	13.501340052	13.675073220	13.820988696	13.941507984	14.038724931	14.114391382	14.169910214	14.206332951	14.224359806	14.224359806	
0.000000000	0.656934758	1.309852569	1.954695371	2.587349818	3.203679707	3.799611994	4.371268886	4.915126125	5.428170962	5.908033725	6.353073533	6.762408745	7.135892976	7.474045492	7.777949351	8.049131763	8.289439819	8.500921793	8.685720923	8.845985383	8.983795625	9.101108399	9.199715654	9.281215873	9.346995289	9.398216508	9.435812331	9.460482967	9.472695167	9.472695167	
0.000000000	0.327459486	0.652903186	0.974300690	1.289604204	1.596766309	1.893781323	2.178746990	2.449937752	2.705877893	2.945402858	3.167699814	3.372322863	3.559182893	3.728515735	3.880834553	4.016873128	4.137526194	4.243791830	4.336719334	4.417364583	4.486753616	4.545854256	4.595555007	4.636650118	4.669829593	4.695672963	4.714645752	4.727097714	4.733262138	4.733262138	
0.000000000	0.000000000	0.000000000	0.000000000	0.000000000	0.000000000	0.000000000	0.000000000	0.000000000	0.000000000	0.000000000	0.000000000	0.000000000	0.000000000	0.000000000	0.000000000	0.000000000	0.000000000	0.000000000	0.000000000	0.000000000	0.000000000	0.000000000	0.000000000	0.000000000	0.000000000	0.000000000	0.000000000	0.000000000	0.000000000	0.000000000	
