0.00000000 0.00000000 200.0000000000
0.10000000 0.00000000 200.0000000000
0.20000000 0.00000000 200.0000000000
0.30000000 0.00000000 200.0000000000
0.40000000 0.00000000 200.0000000000
0.50000000 0.00000000 200.0000000000
0.60000000 0.00000000 200.0000000000
0.70000000 0.00000000 200.0000000000
0.80000000 0.00000000 200.0000000000
0.90000000 0.00000000 200.0000000000
1.00000000 0.00000000 200.0000000000
1.10000000 0.00000000 200.0000000000
1.20000000 0.00000000 200.0000000000
1.30000000 0.00000000 200.0000000000
1.40000000 0.00000000 200.0000000000
1.50000000 0.00000000 200.0000000000
1.60000000 0.00000000 200.0000000000
1.70000000 0.00000000 200.0000000000
1.80000000 0.00000000 200.0000000000
1.90000000 0.00000000 200.0000000000
2.00000000 0.00000000 200.0000000000
2.10000000 0.00000000 200.0000000000
2.20000000 0.00000000 200.0000000000
2.30000000 0.00000000 200.0000000000
2.40000000 0.00000000 200.0000000000
2.50000000 0.00000000 200.0000000000
2.60000000 0.00000000 200.0000000000
2.70000000 0.00000000 200.0000000000
2.80000000 0.00000000 200.0000000000
2.90000000 0.00000000 200.0000000000
3.00000000 0.00000000 200.0000000000
3.10000000 0.00000000 200.0000000000
3.20000000 0.00000000 200.0000000000
3.30000000 0.00000000 200.0000000000
3.40000000 0.00000000 200.0000000000
3.50000000 0.00000000 200.0000000000

0.00000000 0.10000000 0.0000000000
0.10000000 0.10000000 99.0175290497
0.20000000 0.10000000 137.5733425273
0.30000000 0.10000000 155.2055205202
0.40000000 0.10000000 164.4472416163
0.50000000 0.10000000 169.8130990922
0.60000000 0.10000000 173.1592689140
0.70000000 0.10000000 175.3497022471
0.80000000 0.10000000 176.8320860198
0.90000000 0.10000000 177.8598503444
1.00000000 0.10000000 178.5871461383
1.10000000 0.10000000 179.1135170360
1.20000000 0.10000000 179.5067523530
1.30000000 0.10000000 179.8154835056
1.40000000 0.10000000 180.0766095093
1.50000000 0.10000000 180.3199483684
1.60000000 0.10000000 180.5713096293
1.70000000 0.10000000 180.8546108844
1.80000000 0.10000000 181.1933739829
1.90000000 0.10000000 181.6117890638
2.00000000 0.10000000 182.1354615333
2.10000000 0.10000000 182.7919301810
2.20000000 0.10000000 183.6110532185
2.30000000 0.10000000 184.6254043748
2.40000000 0.10000000 185.8709173907
2.50000000 0.10000000 187.3882013365
2.60000000 0.10000000 189.2253100154
2.70000000 0.10000000 191.4435059178
2.80000000 0.10000000 194.1292878627
2.90000000 0.10000000 197.4202687612
3.00000000 0.10000000 201.5643106952
3.10000000 0.10000000 207.0668168540
3.20000000 0.10000000 215.0976213602
3.30000000 0.10000000 228.7446361234
3.40000000 0.10000000 225.0466846889
3.50000000 0.10000000 200.0000000000

0.00000000 0.20000000 0.0000000000
0.10000000 0.20000000 58.5272661576
0.20000000 0.20000000 96.1308644323
0.30000000 0.20000000 118.8912362128
0.40000000 0.20000000 132.8880552216
0.50000000 0.20000000 141.7900419407
0.60000000 0.20000000 147.6431431871
0.70000000 0.20000000 151.5991847262
0.80000000 0.20000000 154.3315190239
0.90000000 0.20000000 156.2521161588
1.00000000 0.20000000 157.6247882751
1.10000000 0.20000000 158.6260338134
1.20000000 0.20000000 159.3791621320
1.30000000 0.20000000 159.9743757894
1.40000000 0.20000000 160.4811939571
1.50000000 0.20000000 160.9565237226
1.60000000 0.20000000 161.4501416945
1.70000000 0.20000000 162.0085476733
1.80000000 0.20000000 162.6777251364
1.90000000 0.20000000 163.5051138180
2.00000000 0.20000000 164.5409832855
2.10000000 0.20000000 165.8393537946
2.20000000 0.20000000 167.4586267559
2.30000000 0.20000000 169.4621630255
2.40000000 0.20000000 171.9192009549
2.50000000 0.20000000 174.9067827550
2.60000000 0.20000000 178.5138563901
2.70000000 0.20000000 182.8496557224
2.80000000 0.20000000 188.0602982224
2.90000000 0.20000000 194.3612565499
3.00000000 0.20000000 202.1008323647
3.10000000 0.20000000 211.8833684408
3.20000000 0.20000000 224.7958932745
3.30000000 0.20000000 242.7329570168
3.40000000 0.20000000 236.0177417170
3.50000000 0.20000000 200.0000000000

0.00000000 0.30000000 0.0000000000
0.10000000 0.30000000 39.0202491724
0.20000000 0.30000000 69.6499080298
0.30000000 0.30000000 91.5158445697
0.40000000 0.30000000 106.6536969359
0.50000000 0.30000000 117.0975524964
0.60000000 0.30000000 124.3540630273
0.70000000 0.30000000 129.4470572252
0.80000000 0.30000000 133.0584383517
0.90000000 0.30000000 135.6456672198
1.00000000 0.30000000 137.5217341958
1.10000000 0.30000000 138.9064900561
1.20000000 0.30000000 139.9593279155
1.30000000 0.30000000 140.8003189170
1.40000000 0.30000000 141.5242662077
1.50000000 0.30000000 142.2103623539
1.60000000 0.30000000 142.9290378248
1.70000000 0.30000000 143.7469309094
1.80000000 0.30000000 144.7305204444
1.90000000 0.30000000 145.9487380487
2.00000000 0.30000000 147.4747581447
2.10000000 0.30000000 149.3871222139
2.20000000 0.30000000 151.7703762976
2.30000000 0.30000000 154.7154877474
2.40000000 0.30000000 158.3204700518
2.50000000 0.30000000 162.6919093410
2.60000000 0.30000000 167.9485010655
2.70000000 0.30000000 174.2283473968
2.80000000 0.30000000 181.7027239863
2.90000000 0.30000000 190.6002612132
3.00000000 0.30000000 201.2462251938
3.10000000 0.30000000 214.1180932316
3.20000000 0.30000000 229.8972422345
3.30000000 0.30000000 249.4168357655
3.40000000 0.30000000 240.9404971053
3.50000000 0.30000000 200.0000000000

0.00000000 0.40000000 0.0000000000
0.10000000 0.40000000 27.9897805604
0.20000000 0.40000000 52.1033504018
0.30000000 0.40000000 71.1215239242
0.40000000 0.40000000 85.4451943608
0.50000000 0.40000000 95.9988669470
0.60000000 0.40000000 103.7046948684
0.70000000 0.40000000 109.3172957781
0.80000000 0.40000000 113.4096149124
0.90000000 0.40000000 116.4048952273
1.00000000 0.40000000 118.6145084255
1.10000000 0.40000000 120.2697439841
1.20000000 0.40000000 121.5458918724
1.30000000 0.40000000 122.5798957579
1.40000000 0.40000000 123.4832638425
1.50000000 0.40000000 124.3516201348
1.60000000 0.40000000 125.2718713314
1.70000000 0.40000000 126.3276247456
1.80000000 0.40000000 127.6032486431
1.90000000 0.40000000 129.1868076636
2.00000000 0.40000000 131.1720182569
2.10000000 0.40000000 133.6593422584
2.20000000 0.40000000 136.7563661131
2.30000000 0.40000000 140.5776978764
2.40000000 0.40000000 145.2447549802
2.50000000 0.40000000 150.8860127602
2.60000000 0.40000000 157.6385277846
2.70000000 0.40000000 165.6517986752
2.80000000 0.40000000 175.0951337297
2.90000000 0.40000000 186.1692173039
3.00000000 0.40000000 199.1203055954
3.10000000 0.40000000 214.2485500084
3.20000000 0.40000000 231.8847146843
3.30000000 0.40000000 252.2764463911
3.40000000 0.40000000 243.0460435084
3.50000000 0.40000000 200.0000000000

0.00000000 0.50000000 0.0000000000
0.10000000 0.50000000 20.9440618019
0.20000000 0.50000000 39.8677063706
0.30000000 0.50000000 55.7411703202
0.40000000 0.50000000 68.4257737576
0.50000000 0.50000000 78.2613583899
0.60000000 0.50000000 85.7500255851
0.70000000 0.50000000 91.3909317593
0.80000000 0.50000000 95.6160770383
0.90000000 0.50000000 98.7770075515
1.00000000 0.50000000 101.1523850332
1.10000000 0.50000000 102.9618524706
1.20000000 0.50000000 104.3801722466
1.30000000 0.50000000 105.5496183407
1.40000000 0.50000000 106.5902473245
1.50000000 0.50000000 107.6082332455
1.60000000 0.50000000 108.7025644448
1.70000000 0.50000000 109.9703533337
1.80000000 0.50000000 111.5109250076
1.90000000 0.50000000 113.4287765998
2.00000000 0.50000000 115.8354561179
2.10000000 0.50000000 118.8504052233
2.20000000 0.50000000 122.6008480211
2.30000000 0.50000000 127.2208864715
2.40000000 0.50000000 132.8500755687
2.50000000 0.50000000 139.6318796431
2.60000000 0.50000000 147.7125136705
2.70000000 0.50000000 157.2406608317
2.80000000 0.50000000 168.3682408448
2.90000000 0.50000000 181.2514017416
3.00000000 0.50000000 196.0485270185
3.10000000 0.50000000 212.9073058530
3.20000000 0.50000000 231.9254146929
3.30000000 0.50000000 253.0631181901
3.40000000 0.50000000 243.7495517137
3.50000000 0.50000000 200.0000000000

0.00000000 0.60000000 0.0000000000
0.10000000 0.60000000 16.0452681313
0.20000000 0.60000000 30.9334460614
0.30000000 0.60000000 43.9220566610
0.40000000 0.60000000 54.7439085757
0.50000000 0.60000000 63.4692350994
0.60000000 0.60000000 70.3444468250
0.70000000 0.60000000 75.6770185529
0.80000000 0.60000000 79.7713079150
0.90000000 0.60000000 82.9000355715
1.00000000 0.60000000 85.2961378215
1.10000000 0.60000000 87.1546788268
1.20000000 0.60000000 88.6389817435
1.30000000 0.60000000 89.8880266814
1.40000000 0.60000000 91.0237607520
1.50000000 0.60000000 92.1577564001
1.60000000 0.60000000 93.3970026911
1.70000000 0.60000000 94.8487416811
1.80000000 0.60000000 96.6242911448
1.90000000 0.60000000 98.8417912244
2.00000000 0.60000000 101.6278107913
2.10000000 0.60000000 105.1177678946
2.20000000 0.60000000 109.4551660562
2.30000000 0.60000000 114.7897242986
2.40000000 0.60000000 121.2745734798
2.50000000 0.60000000 129.0627799230
2.60000000 0.60000000 138.3034918459
2.70000000 0.60000000 149.1379013782
2.80000000 0.60000000 161.6948390779
2.90000000 0.60000000 176.0849722573
3.00000000 0.60000000 192.3910565960
3.10000000 0.60000000 210.6495286268
3.20000000 0.60000000 230.8169575270
3.30000000 0.60000000 252.7170878360
3.40000000 0.60000000 243.7279487658
3.50000000 0.60000000 200.0000000000

0.00000000 0.70000000 0.0000000000
0.10000000 0.70000000 12.4429416376
0.20000000 0.70000000 24.1755197870
0.30000000 0.70000000 34.6800018681
0.40000000 0.70000000 43.6969065471
0.50000000 0.70000000 51.1867932166
0.60000000 0.70000000 57.2545870296
0.70000000 0.70000000 62.0798147494
0.80000000 0.70000000 65.8677520534
0.90000000 0.70000000 68.8209711750
1.00000000 0.70000000 71.1257603401
1.10000000 0.70000000 72.9478639902
1.20000000 0.70000000 74.4334685378
1.30000000 0.70000000 75.7128384235
1.40000000 0.70000000 76.9050744992
1.50000000 0.70000000 78.1231258209
1.60000000 0.70000000 79.4785513577
1.70000000 0.70000000 81.0857115890
1.80000000 0.70000000 83.0651534548
1.90000000 0.70000000 85.5459900229
2.00000000 0.70000000 88.6671031294
2.10000000 0.70000000 92.5770342461
2.20000000 0.70000000 97.4324867642
2.30000000 0.70000000 103.3954429979
2.40000000 0.70000000 110.6289917873
2.50000000 0.70000000 119.2920444142
2.60000000 0.70000000 129.5331478165
2.70000000 0.70000000 141.4835265542
2.80000000 0.70000000 155.2492268796
2.90000000 0.70000000 170.9017382202
3.00000000 0.70000000 188.4657609267
3.10000000 0.70000000 207.9021796723
3.20000000 0.70000000 229.0846874919
3.30000000 0.70000000 251.7716481256
3.40000000 0.70000000 243.3326308158
3.50000000 0.70000000 200.0000000000

0.00000000 0.80000000 0.0000000000
0.10000000 0.80000000 9.6979779912
0.20000000 0.80000000 18.9376054558
0.30000000 0.80000000 27.3583174124
0.40000000 0.80000000 34.7448414625
0.50000000 0.80000000 41.0223759142
0.60000000 0.80000000 46.2231962515
0.70000000 0.80000000 50.4472989763
0.80000000 0.80000000 53.8294205410
0.90000000 0.80000000 56.5161827758
1.00000000 0.80000000 58.6526003356
1.10000000 0.80000000 60.3756613597
1.20000000 0.80000000 61.8126658651
1.30000000 0.80000000 63.0824949572
1.40000000 0.80000000 64.2985172074
1.50000000 0.80000000 65.5722529598
1.60000000 0.80000000 67.0171912806
1.70000000 0.80000000 68.7523166323
1.80000000 0.80000000 70.9049921262
1.90000000 0.80000000 73.6128980995
2.00000000 0.80000000 77.0247657587
2.10000000 0.80000000 81.2996947120
2.20000000 0.80000000 86.6049113846
2.30000000 0.80000000 93.1119148736
2.40000000 0.80000000 100.9910602411
2.50000000 0.80000000 110.4047281185
2.60000000 0.80000000 121.4992947999
2.70000000 0.80000000 134.3961131407
2.80000000 0.80000000 149.1816114356
2.90000000 0.80000000 165.8964182936
3.00000000 0.80000000 184.5232166642
3.10000000 0.80000000 204.9730782598
3.20000000 0.80000000 227.0708238204
3.30000000 0.80000000 250.5421076445
3.40000000 0.80000000 242.7585117309
3.50000000 0.80000000 200.0000000000

0.00000000 0.90000000 0.0000000000
0.10000000 0.90000000 7.5609154093
0.20000000 0.90000000 14.8156054620
0.30000000 0.90000000 21.5111938660
0.40000000 0.90000000 27.4797203907
0.50000000 0.90000000 32.6430587773
0.60000000 0.90000000 36.9992836574
0.70000000 0.90000000 40.6014476913
0.80000000 0.90000000 43.5367552980
0.90000000 0.90000000 45.9100739437
1.00000000 0.90000000 47.8327890232
1.10000000 0.90000000 49.4164761502
1.20000000 0.90000000 50.7703178701
1.30000000 0.90000000 52.0011595450
1.40000000 0.90000000 53.2152627296
1.50000000 0.90000000 54.5210077836
1.60000000 0.90000000 56.0319547059
1.70000000 0.90000000 57.8697789709
1.80000000 0.90000000 60.1666674862
1.90000000 0.90000000 63.0668065020
2.00000000 0.90000000 66.7266366675
2.10000000 0.90000000 71.3136056905
2.20000000 0.90000000 77.0032261631
2.30000000 0.90000000 83.9743480791
2.40000000 0.90000000 92.4026770757
2.50000000 0.90000000 102.4526965616
2.60000000 0.90000000 114.2682637788
2.70000000 0.90000000 127.9622241384
2.80000000 0.90000000 143.6054123045
2.90000000 0.90000000 161.2153989992
3.00000000 0.90000000 180.7453713139
3.10000000 0.90000000 202.0737502500
3.20000000 0.90000000 224.9957567133
3.30000000 0.90000000 249.2192555209
3.40000000 0.90000000 242.1185295921
3.50000000 0.90000000 200.0000000000

0.00000000 1.00000000 0.0000000000
0.10000000 1.00000000 5.8775625061
0.20000000 1.00000000 11.5456232255
0.30000000 1.00000000 16.8255059992
0.40000000 1.00000000 21.5899779271
0.50000000 1.00000000 25.7699185136
0.60000000 1.00000000 29.3495754334
0.70000000 1.00000000 32.3555535949
0.80000000 1.00000000 34.8442394833
0.90000000 1.00000000 36.8906780186
1.00000000 1.00000000 38.5802732635
1.10000000 1.00000000 40.0035614611
1.20000000 1.00000000 41.2537086148
1.30000000 1.00000000 42.4261504727
1.40000000 1.00000000 43.6197535039
1.50000000 1.00000000 44.9389161588
1.60000000 1.00000000 46.4960875715
1.70000000 1.00000000 48.4142301079
1.80000000 1.00000000 50.8287889638
1.90000000 1.00000000 53.8887637566
2.00000000 1.00000000 57.7565155290
2.10000000 1.00000000 62.6059995964
2.20000000 1.00000000 68.6191989326
2.30000000 1.00000000 75.9806475343
2.40000000 1.00000000 84.8700746596
2.50000000 1.00000000 95.4533578838
2.60000000 1.00000000 107.8721288897
2.70000000 1.00000000 122.2325132637
2.80000000 1.00000000 138.5935940534
2.90000000 1.00000000 156.9562766126
3.00000000 1.00000000 177.2533358618
3.10000000 1.00000000 199.3416100742
3.20000000 1.00000000 222.9976254999
3.30000000 1.00000000 247.9183588799
3.40000000 1.00000000 241.4791091715
3.50000000 1.00000000 200.0000000000

0.00000000 1.10000000 0.0000000000
0.10000000 1.10000000 4.5451800494
0.20000000 1.10000000 8.9448122061
0.30000000 1.10000000 13.0719872853
0.40000000 1.10000000 16.8319651614
0.50000000 1.10000000 20.1681682860
0.60000000 1.10000000 23.0612689212
0.70000000 1.10000000 25.5237538995
0.80000000 1.10000000 27.5926208583
0.90000000 1.10000000 29.3222574625
1.00000000 1.10000000 30.7787142220
1.10000000 1.10000000 32.0358642358
1.20000000 1.10000000 33.1734618193
1.30000000 1.10000000 34.2768423736
1.40000000 1.10000000 35.4378797845
1.50000000 1.10000000 36.7567708864
1.60000000 1.10000000 38.3442052190
1.70000000 1.10000000 40.3234793710
1.80000000 1.10000000 42.8321213790
1.90000000 1.10000000 46.0226048089
2.00000000 1.10000000 50.0617624741
2.10000000 1.10000000 55.1285658198
2.20000000 1.10000000 61.4100255193
2.30000000 1.10000000 69.0950950137
2.40000000 1.10000000 78.3666184609
2.50000000 1.10000000 89.3915478558
2.60000000 1.10000000 102.3098453027
2.70000000 1.10000000 117.2226676782
2.80000000 1.10000000 134.1805875593
2.90000000 1.10000000 153.1727309835
3.00000000 1.10000000 174.1178167025
3.10000000 1.10000000 196.8581775505
3.20000000 1.10000000 221.1579318556
3.30000000 1.10000000 246.7064954076
3.40000000 1.10000000 240.8784311684
3.50000000 1.10000000 200.0000000000

0.00000000 1.20000000 0.0000000000
0.10000000 1.20000000 3.4906559677
0.20000000 1.20000000 6.8792900176
0.30000000 1.20000000 10.0755639503
0.40000000 1.20000000 13.0098120594
0.50000000 1.20000000 15.6378334130
0.60000000 1.20000000 17.9415141668
0.70000000 1.20000000 19.9263795633
0.80000000 1.20000000 21.6175503353
0.90000000 1.20000000 23.0554243677
1.00000000 1.20000000 24.2920063441
1.10000000 1.20000000 25.3883837617
1.20000000 1.20000000 26.4135048571
1.30000000 1.20000000 27.4441773816
1.40000000 1.20000000 28.5660595158
1.50000000 1.20000000 29.8753265239
1.60000000 1.20000000 31.4806440916
1.70000000 1.20000000 33.5050464348
1.80000000 1.20000000 36.0872987878
1.90000000 1.20000000 39.3823220270
2.00000000 1.20000000 43.5602788947
2.10000000 1.20000000 48.8039751061
2.20000000 1.20000000 55.3043217033
2.30000000 1.20000000 63.2537404162
2.40000000 1.20000000 72.8375684633
2.50000000 1.20000000 84.2237231082
2.60000000 1.20000000 97.5511029512
2.70000000 1.20000000 112.9174119230
2.80000000 1.20000000 130.3672725961
2.90000000 1.20000000 149.8816307823
3.00000000 1.20000000 171.3695321501
3.10000000 1.20000000 194.6633649137
3.20000000 1.20000000 219.5185937269
3.30000000 1.20000000 245.6188195193
3.40000000 1.20000000 240.3366210255
3.50000000 1.20000000 200.0000000000

0.00000000 1.30000000 0.0000000000
0.10000000 1.30000000 2.6590323410
0.20000000 1.30000000 5.2462836450
0.30000000 1.30000000 7.6975133160
0.40000000 1.30000000 9.9620810558
0.50000000 1.30000000 12.0066115031
0.60000000 1.30000000 13.8161363317
0.70000000 1.30000000 15.3932231706
0.80000000 1.30000000 16.7559120157
0.90000000 1.30000000 17.9352898755
1.00000000 1.30000000 18.9733607256
1.10000000 1.30000000 19.9216280631
1.20000000 1.30000000 20.8405777697
1.30000000 1.30000000 21.8000625765
1.40000000 1.30000000 22.8804502760
1.50000000 1.30000000 24.1742969614
1.60000000 1.30000000 25.7882328512
1.70000000 1.30000000 27.8446942745
1.80000000 1.30000000 30.4830993563
1.90000000 1.30000000 33.8600503955
2.00000000 1.30000000 38.1481600268
2.10000000 1.30000000 43.5331494301
2.20000000 1.30000000 50.2089620763
2.30000000 1.30000000 58.3707787069
2.40000000 1.30000000 68.2060051201
2.50000000 1.30000000 79.8835231663
2.60000000 1.30000000 93.5417292017
2.70000000 1.30000000 109.2761096377
2.80000000 1.30000000 127.1272941924
2.90000000 1.30000000 147.0706589502
3.00000000 1.30000000 169.0086017607
3.10000000 1.30000000 192.7665638653
3.20000000 1.30000000 218.0937070281
3.30000000 1.30000000 244.6688564312
3.40000000 1.30000000 239.8618700463
3.50000000 1.30000000 200.0000000000

0.00000000 1.40000000 0.0000000000
0.10000000 1.40000000 2.0072219525
0.20000000 1.40000000 3.9639695891
0.30000000 1.40000000 5.8247550617
0.40000000 1.40000000 7.5532263894
0.50000000 1.40000000 9.1249260454
0.60000000 1.40000000 10.5285239226
0.70000000 1.40000000 11.7657652254
0.80000000 1.40000000 12.8505973874
0.90000000 1.40000000 13.8079964669
1.00000000 1.40000000 14.6729460481
1.10000000 1.40000000 15.4898893495
1.20000000 1.40000000 16.3128252400
1.30000000 1.40000000 17.2060784217
1.40000000 1.40000000 18.2456535376
1.50000000 1.40000000 19.5209830170
1.60000000 1.40000000 21.1367964336
1.70000000 1.40000000 23.2147735384
1.80000000 1.40000000 25.8945957478
1.90000000 1.40000000 29.3339871499
2.00000000 1.40000000 33.7073441156
2.10000000 1.40000000 39.2026011796
2.20000000 1.40000000 46.0160771081
2.30000000 1.40000000 54.3451918460
2.40000000 1.40000000 64.3791386962
2.50000000 1.40000000 76.2878251399
2.60000000 1.40000000 90.2096406665
2.70000000 1.40000000 106.2388448100
2.80000000 1.40000000 124.4135633954
2.90000000 1.40000000 144.7055056762
3.00000000 1.40000000 167.0125428385
3.10000000 1.40000000 191.1551985748
3.20000000 1.40000000 216.8778823336
3.30000000 1.40000000 243.8553425543
3.40000000 1.40000000 239.4543424294
3.50000000 1.40000000 200.0000000000

0.00000000 1.50000000 0.0000000000
0.10000000 1.50000000 1.5004483270
0.20000000 1.50000000 2.9655642361
0.30000000 1.50000000 4.3633848825
0.40000000 1.50000000 5.6682055757
0.50000000 1.50000000 6.8626549577
0.60000000 1.50000000 7.9388543109
0.70000000 1.50000000 8.8987809461
0.80000000 1.50000000 9.7541066926
0.90000000 1.50000000 10.5258412882
1.00000000 1.50000000 11.2440895922
1.10000000 1.50000000 11.9481584704
1.20000000 1.50000000 12.6871507131
1.30000000 1.50000000 13.5210783530
1.40000000 1.50000000 14.5224264783
1.50000000 1.50000000 15.7780053771
1.60000000 1.50000000 17.3908455180
1.70000000 1.50000000 19.4818188449
1.80000000 1.50000000 22.1906157778
1.90000000 1.50000000 25.6756773846
2.00000000 1.50000000 30.1126856098
2.10000000 1.50000000 35.6912606050
2.20000000 1.50000000 42.6096105439
2.30000000 1.50000000 51.0670286929
2.40000000 1.50000000 61.2543310829
2.50000000 1.50000000 73.3425637530
2.60000000 1.50000000 87.4705605549
2.70000000 1.50000000 103.7321730054
2.80000000 1.50000000 122.1641902047
2.90000000 1.50000000 142.7360863328
3.00000000 1.50000000 165.3427464286
3.10000000 1.50000000 189.8012069672
3.20000000 1.50000000 215.8521971482
3.30000000 1.50000000 243.1668864226
3.40000000 1.50000000 239.1087594722
3.50000000 1.50000000 200.0000000000

0.00000000 1.60000000 0.0000000000
0.10000000 1.60000000 1.1101558608
0.20000000 1.60000000 2.1957859541
0.30000000 1.60000000 3.2346893044
0.40000000 1.60000000 4.2090376985
0.50000000 1.60000000 5.1069511056
0.60000000 1.60000000 5.9235347671
0.70000000 1.60000000 6.6614453412
0.80000000 1.60000000 7.3311527365
0.90000000 1.60000000 7.9511120698
1.00000000 1.60000000 8.5480574338
1.10000000 1.60000000 9.1575873358
1.20000000 1.60000000 9.8251448822
1.30000000 1.60000000 10.6074158196
1.40000000 1.60000000 11.5740824232
1.50000000 1.60000000 12.8097860152
1.60000000 1.60000000 14.4160695694
1.70000000 1.60000000 16.5129990852
1.80000000 1.60000000 19.2401047030
1.90000000 1.60000000 22.7562485785
2.00000000 1.60000000 27.2380264469
2.10000000 1.60000000 32.8763536468
2.20000000 1.60000000 39.8709819103
2.30000000 1.60000000 48.4228435022
2.40000000 1.60000000 58.7243203803
2.50000000 1.60000000 70.9477754732
2.60000000 1.60000000 85.2329396287
2.70000000 1.60000000 101.6739922729
2.80000000 1.60000000 120.3073724328
2.90000000 1.60000000 141.1014747976
3.00000000 1.60000000 163.9493923055
3.10000000 1.60000000 188.6657410494
3.20000000 1.60000000 214.9883379110
3.30000000 1.60000000 242.5851073690
3.40000000 1.60000000 238.8161035001
3.50000000 1.60000000 200.0000000000

0.00000000 1.70000000 0.0000000000
0.10000000 1.70000000 0.8127224044
0.20000000 1.70000000 1.6086369329
0.30000000 1.70000000 2.3725750064
0.40000000 1.70000000 3.0924902896
0.50000000 1.70000000 3.7606747968
0.60000000 1.70000000 4.3746731200
0.70000000 1.70000000 4.9379405541
0.80000000 1.70000000 5.4603552444
0.90000000 1.70000000 5.9587295104
1.00000000 1.70000000 6.4574681418
1.10000000 1.70000000 6.9894954799
1.20000000 1.70000000 7.5975251646
1.30000000 1.70000000 8.3356832814
1.40000000 1.70000000 9.2714228530
1.50000000 1.70000000 10.4875898355
1.60000000 1.70000000 12.0844226620
1.70000000 1.70000000 14.1811947559
1.80000000 1.70000000 16.9171499950
1.90000000 1.70000000 20.4513445005
2.00000000 1.70000000 24.9610052280
2.10000000 1.70000000 30.6380572141
2.20000000 1.70000000 37.6835651321
2.30000000 1.70000000 46.2999843226
2.40000000 1.70000000 56.6813179060
2.50000000 1.70000000 69.0015175519
2.60000000 1.70000000 83.4017245696
2.70000000 1.70000000 99.9771959476
2.80000000 1.70000000 118.7649623738
2.90000000 1.70000000 139.7333866125
3.00000000 1.70000000 162.7747993207
3.10000000 1.70000000 187.7022631905
3.20000000 1.70000000 214.2512475086
3.30000000 1.70000000 242.0865951472
3.40000000 1.70000000 238.5646659568
3.50000000 1.70000000 200.0000000000

0.00000000 1.80000000 0.0000000000
0.10000000 1.80000000 0.5886082806
0.20000000 1.80000000 1.1659080057
0.30000000 1.80000000 1.7217750824
0.40000000 1.80000000 2.2483706850
0.50000000 1.80000000 2.7411015336
0.60000000 1.80000000 3.1994277717
0.70000000 1.80000000 3.6275563678
0.80000000 1.80000000 4.0350995106
0.90000000 1.80000000 4.4378016578
1.00000000 1.80000000 4.8584417718
1.10000000 1.80000000 5.3279989839
1.20000000 1.80000000 5.8871330080
1.30000000 1.80000000 6.5879784731
1.40000000 1.80000000 7.4961885347
1.50000000 1.80000000 8.6930914932
1.60000000 1.80000000 10.2777493920
1.70000000 1.80000000 12.3686359712
1.80000000 1.80000000 15.1045912103
1.90000000 1.80000000 18.6446712305
2.00000000 1.80000000 23.1665068857
2.10000000 1.80000000 28.8628228958
2.20000000 1.80000000 35.9358603239
2.30000000 1.80000000 44.5895921660
2.40000000 1.80000000 55.0198214100
2.50000000 1.80000000 67.4024911819
2.60000000 1.80000000 81.8807967170
2.70000000 1.80000000 98.5519402138
2.80000000 1.80000000 117.4545781875
2.90000000 1.80000000 138.5581412642
3.00000000 1.80000000 161.7552260575
3.10000000 1.80000000 186.8581435859
3.20000000 1.80000000 213.6004475847
3.30000000 1.80000000 241.6438662199
3.40000000 1.80000000 238.3405518329
3.50000000 1.80000000 200.0000000000

0.00000000 1.90000000 0.0000000000
0.10000000 1.90000000 0.4217396122
0.20000000 1.90000000 0.8360700426
0.30000000 1.90000000 1.2364622518
0.40000000 1.90000000 1.6181084005
0.50000000 1.90000000 1.9787009029
0.60000000 1.90000000 2.3191541258
0.70000000 1.90000000 2.6443046495
0.80000000 1.90000000 2.9636528646
0.90000000 1.90000000 3.2922247198
1.00000000 1.90000000 3.6516338221
1.10000000 1.90000000 4.0714093884
1.20000000 1.90000000 4.5906250448
1.30000000 1.90000000 5.2598184838
1.40000000 1.90000000 6.1431346193
1.50000000 1.90000000 7.3205581549
1.60000000 1.90000000 8.8900298350
1.70000000 1.90000000 10.9691704086
1.80000000 1.90000000 13.6962760263
1.90000000 1.90000000 17.2302088440
2.00000000 1.90000000 21.7487985866
2.10000000 1.90000000 27.4454058429
2.20000000 1.90000000 34.5233845745
2.30000000 1.90000000 43.1883236647
2.40000000 1.90000000 53.6381424328
2.50000000 1.90000000 66.0513518615
2.60000000 1.90000000 80.5740522787
2.70000000 1.90000000 97.3064924009
2.80000000 1.90000000 116.2902317411
2.90000000 1.90000000 137.4970941563
3.00000000 1.90000000 160.8211421029
3.10000000 1.90000000 186.0748117514
3.20000000 1.90000000 212.9901108584
3.30000000 1.90000000 241.2253914575
3.40000000 1.90000000 238.1276872515
3.50000000 1.90000000 200.0000000000

0.00000000 2.00000000 0.0000000000
0.10000000 2.00000000 0.2990163938
0.20000000 2.00000000 0.5933682783
0.30000000 2.00000000 0.8790662369
0.40000000 2.00000000 1.1534595441
0.50000000 2.00000000 1.4158868792
0.60000000 2.00000000 1.6683301821
0.70000000 2.00000000 1.9161077636
0.80000000 2.00000000 2.1686602881
0.90000000 2.00000000 2.4404935344
1.00000000 2.00000000 2.7523414979
1.10000000 2.00000000 3.1326003507
1.20000000 2.00000000 3.6190571224
1.30000000 2.00000000 4.2608967650
1.40000000 2.00000000 5.1209186129
1.50000000 2.00000000 6.2778304718
1.60000000 2.00000000 7.8284197386
1.70000000 2.00000000 9.8893322234
1.80000000 2.00000000 12.5981291562
1.90000000 2.00000000 16.1132516053
2.00000000 2.00000000 20.6125107045
2.10000000 2.00000000 26.2897527395
2.20000000 2.00000000 33.3494289558
2.30000000 2.00000000 41.9989351022
2.40000000 2.00000000 52.4387729632
2.50000000 2.00000000 64.8508156587
2.60000000 2.00000000 79.3852128012
2.70000000 2.00000000 96.1467266009
2.80000000 2.00000000 115.1815170222
2.90000000 2.00000000 136.4655622039
3.00000000 2.00000000 159.8959783501
3.10000000 2.00000000 185.2864609355
3.20000000 2.00000000 212.3678785026
3.30000000 2.00000000 240.7946904648
3.40000000 2.00000000 237.9073275390
3.50000000 2.00000000 200.0000000000

0.00000000 2.10000000 0.0000000000
0.10000000 2.10000000 0.2098889697
0.20000000 2.10000000 0.4170261353
0.30000000 2.10000000 0.6191955365
0.40000000 2.10000000 0.8152585102
0.50000000 2.10000000 1.0057129304
0.60000000 2.10000000 1.1932938386
0.70000000 2.10000000 1.3836523597
0.80000000 2.10000000 1.5861613980
0.90000000 2.10000000 1.8149030175
1.00000000 2.10000000 2.0898906572
1.10000000 2.10000000 2.4385671305
1.20000000 2.10000000 2.8975951999
1.30000000 2.10000000 3.5149207469
1.40000000 2.10000000 4.3520395611
1.50000000 2.10000000 5.4863393630
1.60000000 2.10000000 7.0133225155
1.70000000 2.10000000 9.0484478234
1.80000000 2.10000000 11.7282700328
1.90000000 2.10000000 15.2105132319
2.00000000 2.10000000 19.6727004616
2.10000000 2.10000000 25.3089872031
2.20000000 2.10000000 32.3249194333
2.30000000 2.10000000 40.9299618058
2.40000000 2.10000000 51.3278164773
2.50000000 2.10000000 63.7047697491
2.60000000 2.10000000 78.2165472171
2.70000000 2.10000000 94.9744088207
2.80000000 2.10000000 114.0314505297
2.90000000 2.10000000 135.3702755922
3.00000000 2.10000000 158.8933297236
3.10000000 2.10000000 184.4172306957
3.20000000 2.10000000 211.6723228084
3.30000000 2.10000000 240.3083991005
3.40000000 2.10000000 237.6570094467
3.50000000 2.10000000 200.0000000000

0.00000000 2.20000000 0.0000000000
0.10000000 2.20000000 0.1459769289
0.20000000 2.20000000 0.2905173039
0.30000000 2.20000000 0.4326247350
0.40000000 2.20000000 0.5721992537
0.50000000 2.20000000 0.7105302429
0.60000000 2.20000000 0.8508544535
0.70000000 2.20000000 0.9990166788
0.80000000 2.20000000 1.1642785618
0.90000000 2.20000000 1.3603249210
1.00000000 2.20000000 1.6065142788
1.10000000 2.20000000 1.9294086786
1.20000000 2.20000000 2.3645955895
1.30000000 2.20000000 2.9587806480
1.40000000 2.20000000 3.7720841280
1.50000000 2.20000000 4.8804177638
1.60000000 2.20000000 6.3777551574
1.70000000 2.20000000 8.3780439552
1.80000000 2.20000000 11.0164490370
1.90000000 2.20000000 14.4495727016
2.00000000 2.20000000 18.8542808293
2.10000000 2.20000000 24.4247832821
2.20000000 2.20000000 31.3676801478
2.30000000 2.20000000 39.8947965267
2.40000000 2.20000000 50.2137857356
2.50000000 2.20000000 62.5166767194
2.60000000 2.20000000 76.9667642471
2.70000000 2.20000000 93.6844761837
2.80000000 2.20000000 112.7330877006
2.90000000 2.20000000 134.1053770721
3.00000000 2.20000000 157.7125205005
3.10000000 2.20000000 183.3766820632
3.20000000 2.20000000 210.8288184471
3.30000000 2.20000000 239.7130900900
3.40000000 2.20000000 237.3488146342
3.50000000 2.20000000 200.0000000000

0.00000000 2.30000000 0.0000000000
0.10000000 2.30000000 0.1007209501
0.20000000 2.30000000 0.2008933178
0.30000000 2.30000000 0.3003416057
0.40000000 2.30000000 0.3996588025
0.50000000 2.30000000 0.5006496510
0.60000000 2.30000000 0.6068530055
0.70000000 2.30000000 0.7241811324
0.80000000 2.30000000 0.8617194387
0.90000000 2.30000000 1.0327324888
1.00000000 2.30000000 1.2559189832
1.10000000 2.30000000 1.5569474042
1.20000000 2.30000000 1.9702833964
1.30000000 2.30000000 2.5412883645
1.40000000 2.30000000 3.3285259134
1.50000000 2.30000000 4.4061597237
1.60000000 2.30000000 5.8662661883
1.70000000 2.30000000 7.8208226941
1.80000000 2.30000000 10.4030750470
1.90000000 2.30000000 13.7679441236
2.00000000 2.30000000 18.0911120945
2.10000000 2.30000000 23.5664415037
2.20000000 2.30000000 30.4014326863
2.30000000 2.30000000 38.8105189555
2.40000000 2.30000000 49.0061321058
2.50000000 2.30000000 61.1876357474
2.60000000 2.30000000 75.5284110723
2.70000000 2.30000000 92.1615810264
2.80000000 2.30000000 111.1650741653
2.90000000 2.30000000 132.5469696210
3.00000000 2.30000000 156.2323483882
3.10000000 2.30000000 182.0532116568
3.20000000 2.30000000 209.7433713824
3.30000000 2.30000000 238.9404228195
3.40000000 2.30000000 236.9466860079
3.50000000 2.30000000 200.0000000000

0.00000000 2.40000000 0.0000000000
0.10000000 2.40000000 0.0690662307
0.20000000 2.40000000 0.1381675120
0.30000000 2.40000000 0.2076633320
0.40000000 2.40000000 0.2785877760
0.50000000 2.40000000 0.3530536068
0.60000000 2.40000000 0.4347428140
0.70000000 2.40000000 0.5295212736
0.80000000 2.40000000 0.6462194115
0.90000000 2.40000000 0.7976222830
1.00000000 2.40000000 1.0017091835
1.10000000 2.40000000 1.2831727147
1.20000000 2.40000000 1.6752282529
1.30000000 2.40000000 2.2216956532
1.40000000 2.40000000 2.9792953024
1.50000000 2.40000000 4.0200511842
1.60000000 2.40000000 5.4336370910
1.70000000 2.40000000 7.3294431588
1.80000000 2.40000000 9.8380851669
1.90000000 2.40000000 13.1120366809
2.00000000 2.40000000 17.3250427720
2.10000000 2.40000000 22.6699813378
2.20000000 2.40000000 29.3548787989
2.30000000 2.40000000 37.5968614474
2.40000000 2.40000000 47.6139269399
2.50000000 2.40000000 59.6145428172
2.60000000 2.40000000 73.7852101231
2.70000000 2.40000000 90.2762662315
2.80000000 2.40000000 109.1863549333
2.90000000 2.40000000 130.5462048763
3.00000000 2.40000000 154.3027020233
3.10000000 2.40000000 180.3048001651
3.20000000 2.40000000 208.2936079022
3.30000000 2.40000000 237.8998507135
3.40000000 2.40000000 236.4023173497
3.50000000 2.40000000 200.0000000000

0.00000000 2.50000000 0.0000000000
0.10000000 2.50000000 0.0471791782
0.20000000 2.50000000 0.0947609225
0.30000000 2.50000000 0.1434350684
0.40000000 2.50000000 0.1944932010
0.50000000 2.50000000 0.2501995569
0.60000000 2.50000000 0.3142510949
0.70000000 2.50000000 0.3923636230
0.80000000 2.50000000 0.4930243161
0.90000000 2.50000000 0.6284520580
1.00000000 2.50000000 0.8158039382
1.10000000 2.50000000 1.0786569866
1.20000000 2.50000000 1.4487770392
1.30000000 2.50000000 1.9681601485
1.40000000 2.50000000 2.6912956698
1.50000000 2.50000000 3.6875548154
1.60000000 2.50000000 5.0435564901
1.70000000 2.50000000 6.8653078869
1.80000000 2.50000000 9.2798667428
1.90000000 2.50000000 12.4362326752
2.00000000 2.50000000 16.5051541856
2.10000000 2.50000000 21.6775417623
2.20000000 2.50000000 28.1612086083
2.30000000 2.50000000 36.1757159586
2.40000000 2.50000000 45.9451701851
2.50000000 2.50000000 57.6888885584
2.60000000 2.50000000 71.6099029291
2.70000000 2.50000000 87.8812980965
2.80000000 2.50000000 106.6304040815
2.90000000 2.50000000 127.9209522741
3.00000000 2.50000000 151.7336169051
3.10000000 2.50000000 177.9461253480
3.20000000 2.50000000 206.3155545691
3.30000000 2.50000000 236.4674965769
3.40000000 2.50000000 235.6487258436
3.50000000 2.50000000 200.0000000000

0.00000000 2.60000000 0.0000000000
0.10000000 2.60000000 0.0321992771
0.20000000 2.60000000 0.0650153153
0.30000000 2.60000000 0.0993217002
0.40000000 2.60000000 0.1365330035
0.50000000 2.60000000 0.1789453113
0.60000000 2.60000000 0.2301651576
0.70000000 2.60000000 0.2956624433
0.80000000 2.60000000 0.3834859009
0.90000000 2.60000000 0.5051806283
1.00000000 2.60000000 0.6769445138
1.10000000 2.60000000 0.9210522295
1.20000000 2.60000000 1.2675602190
1.30000000 2.60000000 1.7562824896
1.40000000 2.60000000 2.4389945469
1.50000000 2.60000000 3.3817821897
1.60000000 2.60000000 4.6674053703
1.70000000 2.60000000 6.3974989356
1.80000000 2.60000000 8.6943874510
1.90000000 2.60000000 11.7022571664
2.00000000 2.60000000 15.5874110736
2.10000000 2.60000000 20.5373375077
2.20000000 2.60000000 26.7583491077
2.30000000 2.60000000 34.4715904280
2.40000000 2.60000000 43.9072531550
2.50000000 2.60000000 55.2968520522
2.60000000 2.60000000 68.8633704634
2.70000000 2.60000000 84.8089547414
2.80000000 2.60000000 103.2996270565
2.90000000 2.60000000 124.4462804994
3.00000000 2.60000000 148.2812578479
3.10000000 2.60000000 174.7305628628
3.20000000 2.60000000 203.5838845475
3.30000000 2.60000000 234.4686653742
3.40000000 2.60000000 234.5898134599
3.50000000 2.60000000 200.0000000000

0.00000000 2.70000000 0.0000000000
0.10000000 2.70000000 0.0220268975
0.20000000 2.70000000 0.0447757680
0.30000000 2.70000000 0.0691984487
0.40000000 2.70000000 0.0967329551
0.50000000 2.70000000 0.1296141716
0.60000000 2.70000000 0.1712694838
0.70000000 2.70000000 0.2268330603
0.80000000 2.70000000 0.3038151865
0.90000000 2.70000000 0.4129640463
1.00000000 2.70000000 0.5693551724
1.10000000 2.70000000 0.7937368510
1.20000000 2.70000000 1.1141465918
1.30000000 2.70000000 1.5677932292
1.40000000 2.70000000 2.2031709210
1.50000000 2.70000000 3.0823359779
1.60000000 2.70000000 4.2832373002
1.70000000 2.70000000 5.9019500614
1.80000000 2.70000000 8.0546255553
1.90000000 2.70000000 10.8789441192
2.00000000 2.70000000 14.5348487769
2.10000000 2.70000000 19.2043484256
2.20000000 2.70000000 25.0902096566
2.30000000 2.70000000 32.4133956002
2.40000000 2.70000000 41.4091357323
2.50000000 2.70000000 52.3214829553
2.60000000 2.70000000 65.3960760705
2.70000000 2.70000000 80.8705077863
2.80000000 2.70000000 98.9611455196
2.90000000 2.70000000 119.8444915259
3.00000000 2.70000000 143.6304549216
3.10000000 2.70000000 170.3249697525
3.20000000 2.70000000 199.7817048567
3.30000000 2.70000000 231.6492779567
3.40000000 2.70000000 233.0825606372
3.50000000 2.70000000 200.0000000000

0.00000000 2.80000000 0.0000000000
0.10000000 2.80000000 0.0151462337
0.20000000 2.80000000 0.0310417721
0.30000000 2.80000000 0.0486401400
0.40000000 2.80000000 0.0693280710
0.50000000 2.80000000 0.0952053397
0.60000000 2.80000000 0.1294438603
0.70000000 2.80000000 0.1767573015
0.80000000 2.80000000 0.2440149704
0.90000000 2.80000000 0.3410348066
1.00000000 2.80000000 0.4815887208
1.10000000 2.80000000 0.6846478434
1.20000000 2.80000000 0.9758842151
1.30000000 2.80000000 1.3894281163
1.40000000 2.80000000 1.9698563540
1.50000000 2.80000000 2.7743572031
1.60000000 2.80000000 3.8749845723
1.70000000 2.80000000 5.3608811374
1.80000000 2.80000000 7.3403230033
1.90000000 2.80000000 9.9424232375
2.00000000 2.80000000 13.3183345115
2.10000000 2.80000000 17.6418161009
2.20000000 2.80000000 23.1090764570
2.30000000 2.80000000 29.9378586751
2.40000000 2.80000000 38.3657756404
2.50000000 2.80000000 48.6478727948
2.60000000 2.80000000 61.0532114481
2.70000000 2.80000000 75.8597894711
2.80000000 2.80000000 93.3461694316
2.90000000 2.80000000 113.7765950510
3.00000000 2.80000000 137.3741730498
3.10000000 2.80000000 164.2746011962
3.20000000 2.80000000 194.4533257638
3.30000000 2.80000000 227.6271701107
3.40000000 2.80000000 230.9048354120
3.50000000 2.80000000 200.0000000000

0.00000000 2.90000000 0.0000000000
0.10000000 2.90000000 0.0104810696
0.20000000 2.90000000 0.0216826726
0.30000000 2.90000000 0.0345038339
0.40000000 2.90000000 0.0502229992
0.50000000 2.90000000 0.0707449941
0.60000000 2.90000000 0.0989196816
0.70000000 2.90000000 0.1389605296
0.80000000 2.90000000 0.1969936167
0.90000000 2.90000000 0.2817687849
1.00000000 2.90000000 0.4055635943
1.10000000 2.90000000 0.5853063007
1.20000000 2.90000000 0.8439351698
1.30000000 2.90000000 1.2119973387
1.40000000 2.90000000 1.7294710450
1.50000000 2.90000000 2.4477712974
1.60000000 2.90000000 3.4318732490
1.70000000 2.90000000 4.7624635201
1.80000000 2.90000000 6.5380129838
1.90000000 2.90000000 8.8766617823
2.00000000 2.90000000 11.9178256886
2.10000000 2.90000000 15.8234781875
2.20000000 2.90000000 20.7791367135
2.30000000 2.90000000 26.9946777249
2.40000000 2.90000000 34.7052009538
2.50000000 2.90000000 44.1722056957
2.60000000 2.90000000 55.6852250593
2.70000000 2.90000000 69.5635870798
2.80000000 2.90000000 86.1567810545
2.90000000 2.90000000 105.8394451139
3.00000000 2.90000000 128.9925664907
3.10000000 2.90000000 155.9558430502
3.20000000 2.90000000 186.9294046999
3.30000000 2.90000000 221.8053244473
3.40000000 2.90000000 227.6931617040
3.50000000 2.90000000 200.0000000000

0.00000000 3.00000000 0.0000000000
0.10000000 3.00000000 0.0072799530
0.20000000 3.00000000 0.0152109123
0.30000000 3.00000000 0.0245957257
0.40000000 3.00000000 0.0365604873
0.50000000 3.00000000 0.0527660652
0.60000000 3.00000000 0.0756821132
0.70000000 3.00000000 0.1089481646
0.80000000 3.00000000 0.1578485039
0.90000000 3.00000000 0.2299287227
1.00000000 3.00000000 0.3357812935
1.10000000 3.00000000 0.4900241966
1.20000000 3.00000000 0.7124897484
1.30000000 3.00000000 1.0296297793
1.40000000 3.00000000 1.4761282692
1.50000000 3.00000000 2.0966944937
1.60000000 3.00000000 2.9479909977
1.70000000 3.00000000 4.1006352092
1.80000000 3.00000000 5.6412068831
1.90000000 3.00000000 7.6742031527
2.00000000 3.00000000 10.3239173660
2.10000000 3.00000000 13.7362861679
2.20000000 3.00000000 18.0808594596
2.30000000 3.00000000 23.5532039733
2.40000000 3.00000000 30.3782472948
2.50000000 3.00000000 38.8152759034
2.60000000 3.00000000 49.1654348416
2.70000000 3.00000000 61.7824322973
2.80000000 3.00000000 77.0862572501
2.90000000 3.00000000 95.5770582697
3.00000000 3.00000000 117.8399346938
3.10000000 3.00000000 144.5180925827
3.20000000 3.00000000 176.2088400984
3.30000000 3.00000000 213.2106227318
3.40000000 3.00000000 222.8127698648
3.50000000 3.00000000 200.0000000000

0.00000000 3.10000000 0.0000000000
0.10000000 3.10000000 0.0050266864
0.20000000 3.10000000 0.0106051281
0.30000000 3.10000000 0.0174109380
0.40000000 3.10000000 0.0263836732
0.50000000 3.10000000 0.0389002072
0.60000000 3.10000000 0.0569999438
0.70000000 3.10000000 0.0836823147
0.80000000 3.10000000 0.1232988177
0.90000000 3.10000000 0.1820630023
1.00000000 3.10000000 0.2687015999
1.10000000 3.10000000 0.3952676792
1.20000000 3.10000000 0.5781316523
1.30000000 3.10000000 0.8391578047
1.40000000 3.10000000 1.2070629730
1.50000000 3.10000000 1.7189411097
1.60000000 3.10000000 2.4219250153
1.70000000 3.10000000 3.3749482877
1.80000000 3.10000000 4.6505721851
1.90000000 3.10000000 6.3368613475
2.00000000 3.10000000 8.5393392318
2.10000000 3.10000000 11.3831413889
2.20000000 3.10000000 15.0156281599
2.30000000 3.10000000 19.6099376564
2.40000000 3.10000000 25.3702786753
2.50000000 3.10000000 32.5402059346
2.60000000 3.10000000 41.4156955597
2.70000000 3.10000000 52.3654825806
2.80000000 3.10000000 65.8615202664
2.90000000 3.10000000 82.5215223793
3.00000000 3.10000000 103.1603388556
3.10000000 3.10000000 128.8297393208
3.20000000 3.10000000 160.7806016980
3.30000000 3.10000000 200.1837011173
3.40000000 3.10000000 215.0612896343
3.50000000 3.10000000 200.0000000000

0.00000000 3.20000000 0.0000000000
0.10000000 3.20000000 0.0033717904
0.20000000 3.20000000 0.0071745925
0.30000000 3.20000000 0.0119338656
0.40000000 3.20000000 0.0183764821
0.50000000 3.20000000 0.0275633682
0.60000000 3.20000000 0.0410621437
0.70000000 3.20000000 0.0611755665
0.80000000 3.20000000 0.0912430357
0.90000000 3.20000000 0.1360334009
1.00000000 3.20000000 0.2022473312
1.10000000 3.20000000 0.2991459888
1.20000000 3.20000000 0.4393192805
1.30000000 3.20000000 0.6396013103
1.40000000 3.20000000 0.9221330982
1.50000000 3.20000000 1.3155641168
1.60000000 3.20000000 1.8563767682
1.70000000 3.20000000 2.5903149457
1.80000000 3.20000000 3.5739044807
1.90000000 3.20000000 4.8760769921
2.00000000 3.20000000 6.5799599076
2.10000000 3.20000000 8.7849891044
2.20000000 3.20000000 11.6096586909
2.30000000 3.20000000 15.1954791124
2.40000000 3.20000000 19.7131259845
2.50000000 3.20000000 25.3724224764
2.60000000 3.20000000 32.4388672466
2.70000000 3.20000000 41.2611520808
2.80000000 3.20000000 52.3168423277
2.90000000 3.20000000 66.2872603297
3.00000000 3.20000000 84.1762360656
3.10000000 3.20000000 107.4827727778
3.20000000 3.20000000 138.3933315304
3.30000000 3.20000000 179.7741023282
3.40000000 3.20000000 201.9236197233
3.50000000 3.20000000 200.0000000000

0.00000000 3.30000000 0.0000000000
0.10000000 3.30000000 0.0020806665
0.20000000 3.30000000 0.0044565940
0.30000000 3.30000000 0.0074868068
0.40000000 3.30000000 0.0116663696
0.50000000 3.30000000 0.0177161271
0.60000000 3.30000000 0.0266996585
0.70000000 3.30000000 0.0401782163
0.80000000 3.30000000 0.0604154387
0.90000000 3.30000000 0.0906443494
1.00000000 3.30000000 0.1354092551
1.10000000 3.30000000 0.2009942672
1.20000000 3.30000000 0.2959480339
1.30000000 3.30000000 0.4317107647
1.40000000 3.30000000 0.6233449946
1.50000000 3.30000000 0.8903665206
1.60000000 3.30000000 1.2576680885
1.70000000 3.30000000 1.7565282860
1.80000000 3.30000000 2.4257057491
1.90000000 3.30000000 3.3126402120
2.00000000 3.30000000 4.4748260836
2.10000000 3.30000000 5.9815048322
2.20000000 3.30000000 7.9159617312
2.30000000 3.30000000 10.3789489273
2.40000000 3.30000000 13.4941614087
2.50000000 3.30000000 17.4174037350
2.60000000 3.30000000 22.3523845807
2.70000000 3.30000000 28.5785521371
2.80000000 3.30000000 36.5012917125
2.90000000 3.30000000 46.7448130213
3.00000000 3.30000000 60.3285065511
3.10000000 3.30000000 79.0069795888
3.20000000 3.30000000 105.9121438685
3.30000000 3.30000000 146.6065491786
3.40000000 3.30000000 177.4925562259
3.50000000 3.30000000 200.0000000000

0.00000000 3.40000000 0.0000000000
0.10000000 3.40000000 0.0009944605
0.20000000 3.40000000 0.0021388793
0.30000000 3.40000000 0.0036153472
0.40000000 3.40000000 0.0056745288
0.50000000 3.40000000 0.0086809399
0.60000000 3.40000000 0.0131720006
0.70000000 3.40000000 0.0199363205
0.80000000 3.40000000 0.0301171990
0.90000000 3.40000000 0.0453477086
1.00000000 3.40000000 0.0679238042
1.10000000 3.40000000 0.1010215012
1.20000000 3.40000000 0.1489631518
1.30000000 3.40000000 0.2175361849
1.40000000 3.40000000 0.3143654908
1.50000000 3.40000000 0.4493383502
1.60000000 3.40000000 0.6350792511
1.70000000 3.40000000 0.8874725182
1.80000000 3.40000000 1.2262356167
1.90000000 3.40000000 1.6755586856
2.00000000 3.40000000 2.2648515151
2.10000000 3.40000000 3.0296861625
2.20000000 3.40000000 4.0131058978
2.30000000 3.40000000 5.2676151735
2.40000000 3.40000000 6.8584218559
2.50000000 3.40000000 8.8689790024
2.60000000 3.40000000 11.4108073797
2.70000000 3.40000000 14.6415370970
2.80000000 3.40000000 18.7995219361
2.90000000 3.40000000 24.2741718478
3.00000000 3.40000000 31.7598925429
3.10000000 3.40000000 42.6252497665
3.20000000 3.40000000 59.8957161872
3.30000000 3.40000000 91.1734324754
3.40000000 3.40000000 126.0301500997
3.50000000 3.40000000 200.0000000000

0.00000000 3.50000000 0.0000000000
0.10000000 3.50000000 0.0000000000
0.20000000 3.50000000 0.0000000000
0.30000000 3.50000000 0.0000000000
0.40000000 3.50000000 0.0000000000
0.50000000 3.50000000 0.0000000000
0.60000000 3.50000000 0.0000000000
0.70000000 3.50000000 0.0000000000
0.80000000 3.50000000 0.0000000000
0.90000000 3.50000000 0.0000000000
1.00000000 3.50000000 0.0000000000
1.10000000 3.50000000 0.0000000000
1.20000000 3.50000000 0.0000000000
1.30000000 3.50000000 0.0000000000
1.40000000 3.50000000 0.0000000000
1.50000000 3.50000000 0.0000000000
1.60000000 3.50000000 0.0000000000
1.70000000 3.50000000 0.0000000000
1.80000000 3.50000000 0.0000000000
1.90000000 3.50000000 0.0000000000
2.00000000 3.50000000 0.0000000000
2.10000000 3.50000000 0.0000000000
2.20000000 3.50000000 0.0000000000
2.30000000 3.50000000 0.0000000000
2.40000000 3.50000000 0.0000000000
2.50000000 3.50000000 0.0000000000
2.60000000 3.50000000 0.0000000000
2.70000000 3.50000000 0.0000000000
2.80000000 3.50000000 0.0000000000
2.90000000 3.50000000 0.0000000000
3.00000000 3.50000000 0.0000000000
3.10000000 3.50000000 0.0000000000
3.20000000 3.50000000 0.0000000000
3.30000000 3.50000000 0.0000000000
3.40000000 3.50000000 0.0000000000
3.50000000 3.50000000 0.0000000000

